410222198706134038
410222198611270512
410222197601236041
410222197501154516
410222197701163011
410222197608263069
410222198509124543
410222199110024561
410222196307194552
410222198110134555
372522197308072610
372522197406087218
372522197502010739
372523198009045752
372523198303299673
371522198603040033
371522198511190042
371522199111299668
372522197102261491
372522196609293113
372522197412210913
372522196912162618
372901198011270813
372522197104107279
331022198509190997
332626197511080994
332626197207051398
332626196608161294
332626197608120374
332626197208141571
332626197610010772
332626197402230762
332626197109220776
332626196502011677
332626195501290972
332626196702221767
332626196511150476
332626197401291475
